0 609287.479403
1 178065.26283
2 29743.0428857
3 13048.2736678
4 7305.3518947
5 4783.76077201
6 3469.6853303
7 2674.67840791
8 2139.75387966
9 1760.96469548
10 1484.5492241
11 1275.61068284
12 1111.37203583
13 977.724942846
14 866.104644743
15 771.214897246
16 689.622783342
17 618.95778898
18 557.472031529
19 503.801501275
20 456.835362173
21 415.642781748
22 379.430507295
23 347.516899789
24 319.314676711
25 294.318172156
26 272.092939475
27 252.266665285
28 234.520977114
29 218.584019929
30 204.223787848
31 191.242215864
32 179.470018889
33 168.762242079
34 158.994463975
35 150.059584179
36 141.865121608
37 134.330952129
38 127.38741859
39 120.973754044
40 115.036766104
41 109.529737881
42 104.411508613
43 99.6457017504
44 95.200076028
45 91.0459769053
46 87.1578716845
47 83.5129539765
48 80.0908055028
49 76.8731060743
steps: 50
learning rate: 0.015
Root mean square error for the training set: 0.730343168406
Root mean square error for the testing set: 0.962746871668
