0 427767.827082
1 351583.457387
2 50005.9704178
3 22492.9061134
4 13926.3752798
5 9841.85775304
6 7370.07535214
7 5710.15223525
8 4565.49896352
9 3775.55778261
10 3226.57139314
11 2834.76911325
12 2541.35590138
13 2307.4671467
14 2109.11213069
15 1932.6891789
16 1771.27445968
17 1621.79789476
18 1483.11519903
19 1354.84876611
20 1236.78928075
21 1128.64769617
22 1029.99389494
23 940.276846009
24 858.869165265
25 785.110336595
26 718.339942941
27 657.92007056
28 603.248839232
29 553.767505733
30 508.963237519
31 468.369119221
32 431.5624771
33 398.162247441
34 367.825864249
35 340.245970972
36 315.147148897
37 292.282778252
38 271.432098555
39 252.397501085
40 235.002064049
41 219.087327762
42 204.51129822
43 191.146662827
44 178.879200186
45 167.606365034
46 157.236030269
47 147.685369034
48 138.879861104
49 130.752409689
steps: 50
learning rate: 0.015
Root mean square error for the training set: 0.691645126799
Root mean square error for the testing set: 0.948756725553